1985
565062.12 6813595.12 395.15000000000003 
565062.4400000001 6813595.15 394.98 
565062.81 6813595.21 395.06 
565063.17 6813595.28 395.32 
565063.52 6813595.34 395.47 
565063.87 6813595.41 395.75 
565055.3200000001 6813594.51 392.22 
565055.67 6813594.57 392.34000000000003 
565056.02 6813594.63 392.51 
565056.4 6813594.69 392.61 
565056.77 6813594.76 392.77 
565057.12 6813594.82 392.88 
565057.49 6813594.88 393.07 
565057.84 6813594.94 393.17 
565058.2000000001 6813595.0 393.29 
565058.54 6813595.05 393.38 
565058.91 6813595.12 393.5 
565059.29 6813595.18 393.69 
565059.63 6813595.24 393.75 
565060.01 6813595.3 393.92 
565060.35 6813595.36 394.08 
565060.71 6813595.42 394.22 
565061.06 6813595.49 394.41 
565061.43 6813595.5600000005 394.62 
565061.79 6813595.62 394.7 
565062.15 6813595.68 394.89 
565062.52 6813595.74 394.96000000000004 
565062.86 6813595.79 395.06 
565063.22 6813595.86 395.3 
565063.5700000001 6813595.92 395.46000000000004 
565063.9400000001 6813596.0 395.78000000000003 
565049.92 6813594.05 389.88 
565050.27 6813594.12 390.1 
565050.63 6813594.18 390.24 
565051.01 6813594.24 390.37 
565051.38 6813594.3 390.48 
565051.72 6813594.350000001 390.54 
565052.11 6813594.42 390.74 
565052.4500000001 6813594.47 390.78000000000003 
565052.8200000001 6813594.55 391.03000000000003 
565053.1900000001 6813594.63 391.43 
565053.55 6813594.67 391.39 
565053.93 6813594.74 391.53000000000003 
565054.3 6813594.8100000005 391.8 
565054.65 6813594.87 391.90000000000003 
565055.01 6813594.93 392.08 
565055.38 6813595.0 392.3 
565055.72 6813595.05 392.37 
565056.09 6813595.12 392.56 
565056.47 6813595.18 392.67 
565056.81 6813595.24 392.75 
565057.1900000001 6813595.3 392.93 
565057.54 6813595.36 393.05 
565057.89 6813595.41 393.1 
565058.24 6813595.48 393.27 
565058.61 6813595.54 393.35 
565058.97 6813595.600000001 393.5 
565059.33 6813595.65 393.58 
565059.7000000001 6813595.71 393.64 
565060.06 6813595.79 393.97 
565060.4 6813595.84 394.08 
565060.75 6813595.91 394.24 
565061.12 6813595.97 394.42 
565061.49 6813596.03 394.5 
565061.84 6813596.09 394.64 
565062.21 6813596.15 394.8 
565062.5700000001 6813596.22 395.01 
565062.91 6813596.2700000005 395.08 
565063.25 6813596.34 395.28000000000003 
565063.64 6813596.42 395.62 
565064.01 6813596.48 395.8 
565046.16 6813593.69 388.87 
565046.52 6813593.75 388.99 
565046.88 6813593.8100000005 389.08 
565047.25 6813593.87 389.16 
565047.59 6813593.92 389.19 
565047.93 6813593.97 389.23 
565048.31 6813594.03 389.25 
565048.68 6813594.08 389.28000000000003 
565049.02 6813594.140000001 389.40000000000003 
565049.41 6813594.2 389.57 
565049.77 6813594.2700000005 389.7 
565050.12 6813594.34 389.97 
565050.5 6813594.41 390.23 
565050.86 6813594.47 390.34000000000003 
565051.23 6813594.53 390.45 
565051.59 6813594.59 390.55 
565051.98 6813594.66 390.78000000000003 
565052.3 6813594.7 390.76 
565052.67 6813594.76 390.88 
565053.04 6813594.84 391.18 
565053.41 6813594.91 391.43 
565053.78 6813594.96 391.44 
565054.14 6813595.03 391.63 
565054.51 6813595.100000001 391.86 
565054.87 6813595.15 391.98 
565055.22 6813595.22 392.17 
565055.5700000001 6813595.28 392.31 
565055.9500000001 6813595.34 392.47 
565056.33 6813595.41 392.67 
565056.67 6813595.46 392.72 
565057.05 6813595.5200000005 392.83 
565057.39 6813595.58 392.91 
565057.75 6813595.640000001 393.09000000000003 
565058.09 6813595.69 393.13 
565058.46 6813595.76 393.29 
565058.84 6813595.82 393.37 
565059.18 6813595.87 393.45 
565059.55 6813595.93 393.59000000000003 
565059.9 6813595.99 393.69 
565060.25 6813596.0600000005 393.92 
565060.62 6813596.140000001 394.28000000000003 
565060.98 6813596.19 394.27 
565061.35 6813596.25 394.44 
565061.74 6813596.37 395.24 
565062.16 6813596.5 396.23 
565062.0700000001 6813596.37 394.65000000000003 
565062.41 6813596.43 394.86 
565062.86 6813596.63 396.6 
565062.77 6813596.5 395.06 
565063.12 6813596.55 395.14 
565063.48 6813596.62 395.38 
565063.86 6813596.7 395.67 
565038.35 6813593.01 387.57 
565038.6900000001 6813593.05 387.51 
565039.06 6813593.11 387.58 
565039.4 6813593.16 387.62 
565039.76 6813593.21 387.6 
565040.11 6813593.26 387.63 
565040.48 6813593.3100000005 387.66 
565040.85 6813593.37 387.71000000000004 
565041.2000000001 6813593.43 387.79 
565041.58 6813593.49 387.89 
565041.9400000001 6813593.54 387.97 
565042.28 6813593.600000001 388.04 
565042.64 6813593.65 388.12 
565043.02 6813593.71 388.21000000000004 
565043.39 6813593.7700000005 388.3 
565043.73 6813593.83 388.36 
565044.12 6813593.890000001 388.45 
565044.47 6813593.94 388.51 
565044.8200000001 6813594.0 388.59000000000003 
565045.17 6813594.05 388.68 
565045.55 6813594.11 388.77 
565045.92 6813594.17 388.86 
565046.28 6813594.23 388.93 
565046.64 6813594.28 389.01 
565047.0 6813594.34 389.1 
565047.35 6813594.390000001 389.11 
565047.7000000001 6813594.44 389.18 
565048.05 6813594.49 389.19 
565048.43 6813594.55 389.23 
565048.79 6813594.61 389.39 
565049.16 6813594.67 389.41 
565049.51 6813594.73 389.54 
565049.88 6813594.79 389.74 
565050.24 6813594.87 390.12 
565050.62 6813594.93 390.22 
565050.99 6813595.0 390.35 
565051.34 6813595.05 390.47 
565051.74 6813595.140000001 390.82 
565052.09 6813595.19 390.83 
565052.41 6813595.23 390.76 
565052.78 6813595.29 390.92 
565053.17 6813595.37 391.25 
565053.54 6813595.44 391.46000000000004 
565053.88 6813595.48 391.43 
565054.27 6813595.5600000005 391.7 
565054.61 6813595.62 391.87 
565054.98 6813595.68 392.03000000000003 
565055.3200000001 6813595.74 392.17 
565055.7000000001 6813595.8100000005 392.35 
565056.08 6813595.87 392.47 
565056.43 6813595.93 392.66 
565056.79 6813595.99 392.78000000000003 
565057.16 6813596.0600000005 392.95 
565057.51 6813596.11 393.05 
565057.85 6813596.16 393.1 
565058.21 6813596.22 393.16 
565058.59 6813596.28 393.28000000000003 
565058.93 6813596.34 393.38 
565059.3 6813596.4 393.45 
565059.64 6813596.45 393.53000000000003 
565059.99 6813596.51 393.67 
565060.36 6813596.59 394.09000000000003 
565060.74 6813596.66 394.25 
565061.21 6813596.88 396.3 
565061.09 6813596.71 394.3 
565061.6900000001 6813597.12 398.63 
565061.55 6813596.92 396.2 
565062.08 6813597.21 399.02 
565062.34 6813597.15 397.74 
565062.59 6813597.08 396.38 
565062.53 6813596.99 395.28000000000003 
565062.87 6813597.03 395.17 
565063.24 6813597.09 395.27 
565063.61 6813597.15 395.37 
565063.97 6813597.23 395.77 
565031.12 6813592.38 385.69 
565031.48 6813592.44 385.89 
565031.85 6813592.5 386.0 
565032.21 6813592.57 386.16 
565032.59 6813592.63 386.28000000000003 
565032.98 6813592.69 386.44 
565033.35 6813592.75 386.55 
565033.71 6813592.8100000005 386.62 
565034.09 6813592.88 386.8 
565034.4500000001 6813592.94 386.93 
565034.8 6813593.0 387.07 
565035.18 6813593.0600000005 387.18 
565035.5700000001 6813593.12 387.27 
565035.92 6813593.17 387.37 
565036.3 6813593.23 387.45 
565036.65 6813593.28 387.47 
565036.99 6813593.34 387.52 
565037.35 6813593.390000001 387.53000000000003 
565037.73 6813593.44 387.59000000000003 
565038.08 6813593.5 387.62 
565038.4400000001 6813593.55 387.62 
565038.8200000001 6813593.600000001 387.66 
565039.16 6813593.65 387.65000000000003 
565039.5 6813593.7 387.66 
565039.86 6813593.75 387.7 
565040.22 6813593.8 387.68 
565040.6 6813593.850000001 387.7 
565040.9400000001 6813593.9 387.74 
565041.31 6813593.96 387.83 
565041.68 6813594.0200000005 387.90000000000003 
565042.03 6813594.08 387.99 
565042.37 6813594.13 388.07 
565042.76 6813594.19 388.16 
565043.14 6813594.25 388.24 
565043.48 6813594.3 388.33 
565043.85 6813594.36 388.39 
565044.21 6813594.42 388.47 
565044.56 6813594.47 388.55 
565044.92 6813594.53 388.65000000000003 
565045.29 6813594.59 388.74 
565045.67 6813594.65 388.81 
565046.02 6813594.7 388.91 
565046.4 6813594.76 388.99 
565046.74 6813594.82 389.08 
565047.09 6813594.87 389.11 
565047.4400000001 6813594.92 389.14 
565047.83 6813594.99 389.41 
565048.3 6813595.16 390.81 
565048.18 6813595.03 389.28000000000003 
565048.65 6813595.22 390.85 
565048.91 6813595.15 389.44 
565049.26 6813595.2 389.51 
565049.61 6813595.25 389.54 
565049.96 6813595.32 389.76 
565050.36 6813595.4 390.14 
565050.74 6813595.46 390.24 
565051.1 6813595.53 390.44 
565051.46 6813595.58 390.52 
565051.8200000001 6813595.65 390.75 
565052.18 6813595.71 390.88 
565052.51 6813595.75 390.76 
565052.89 6813595.8100000005 390.93 
565053.28 6813595.88 391.15000000000003 
565053.63 6813595.95 391.41 
565054.0 6813596.01 391.43 
565054.35 6813596.07 391.61 
565054.7000000001 6813596.13 391.82 
565055.0700000001 6813596.2 391.99 
565055.4500000001 6813596.2700000005 392.18 
565055.81 6813596.33 392.42 
565056.17 6813596.390000001 392.54 
565056.55 6813596.46 392.67 
565056.9 6813596.5200000005 392.87 
565057.25 6813596.58 393.0 
565057.61 6813596.640000001 393.2 
565057.97 6813596.7 393.22 
565058.34 6813596.75 393.26 
565058.68 6813596.8100000005 393.36 
565059.04 6813596.86 393.37 
565059.39 6813596.91 393.44 
565059.75 6813596.97 393.59000000000003 
565060.08 6813597.03 393.77 
565060.48 6813597.11 394.1 
565060.86 6813597.18 394.27 
565061.3200000001 6813597.42 396.57 
565061.26 6813597.33 395.55 
565061.76 6813597.58 397.98 
565062.06 6813597.5600000005 397.16 
565062.36 6813597.5600000005 396.52 
565062.74 6813597.65 397.08 
565062.64 6813597.51 395.33 
565063.0700000001 6813597.66 396.56 
565062.99 6813597.54 395.12 
565063.35 6813597.600000001 395.29 
565063.71 6813597.67 395.48 
565027.29 6813592.0200000005 384.5 
565027.68 6813592.09 384.68 
565028.04 6813592.16 384.88 
565028.43 6813592.22 384.95 
565028.8 6813592.2700000005 385.05 
565029.14 6813592.32 385.06 
565029.49 6813592.37 385.08 
565029.87 6813592.42 385.07 
565030.24 6813592.48 385.13 
565030.61 6813592.54 385.25 
565031.03 6813592.63 385.66 
565031.39 6813592.69 385.84000000000003 
565031.77 6813592.7700000005 386.08 
565032.14 6813592.83 386.21000000000004 
565032.52 6813592.890000001 386.40000000000003 
565032.91 6813592.96 386.56 
565033.27 6813593.0200000005 386.65000000000003 
565033.64 6813593.07 386.71000000000004 
565034.0 6813593.140000001 386.88 
565034.38 6813593.2 387.06 
565034.73 6813593.26 387.2 
565035.11 6813593.32 387.24 
565035.5 6813593.38 387.37 
565035.83 6813593.43 387.44 
565036.22 6813593.49 387.51 
565036.58 6813593.55 387.54 
565036.92 6813593.600000001 387.58 
565037.27 6813593.65 387.59000000000003 
565037.64 6813593.7 387.59000000000003 
565038.01 6813593.75 387.65000000000003 
565038.37 6813593.8 387.66 
565038.73 6813593.850000001 387.65000000000003 
565039.08 6813593.9 387.65000000000003 
565039.43 6813593.96 387.71000000000004 
565039.78 6813594.01 387.71000000000004 
565040.14 6813594.05 387.68 
565040.51 6813594.11 387.7 
565040.86 6813594.16 387.75 
565041.24 6813594.22 387.8 
565041.58 6813594.2700000005 387.85 
565041.9500000001 6813594.33 387.97 
565042.29 6813594.38 388.03000000000003 
565042.67 6813594.44 388.09000000000003 
565043.04 6813594.5 388.17 
565043.4 6813594.55 388.28000000000003 
565043.77 6813594.61 388.34000000000003 
565044.13 6813594.67 388.43 
565044.47 6813594.72 388.52 
565044.83 6813594.78 388.61 
565045.21 6813594.83 388.67 
565045.58 6813594.9 388.79 
565045.92 6813594.95 388.86 
565046.31 6813595.01 388.94 
565046.66 6813595.07 389.03000000000003 
565047.01 6813595.12 389.08 
565047.35 6813595.17 389.1 
565047.85 6813595.36 390.78000000000003 
565048.22 6813595.42 390.86 
565048.58 6813595.47 390.90000000000003 
565048.9400000001 6813595.53 391.0 
565049.18 6813595.46 389.61 
565049.52 6813595.5 389.45 
565049.87 6813595.55 389.57 
565050.25 6813595.63 389.89 
565050.65 6813595.71 390.2 
565051.0 6813595.7700000005 390.34000000000003 
565051.38 6813595.83 390.43 
565051.72 6813595.88 390.53000000000003 
565052.09 6813595.95 390.78000000000003 
565052.43 6813596.0 390.8 
565052.8 6813596.0600000005 390.81 
565053.37 6813596.36 393.81 
565053.17 6813596.12 390.97 
565053.68 6813596.37 393.3 
565053.54 6813596.19 391.23 
565053.92 6813596.26 391.43 
565054.26 6813596.3100000005 391.43 
565054.61 6813596.37 391.64 
565054.97 6813596.43 391.81 
565055.35 6813596.5 391.97 
565055.73 6813596.57 392.23 
565056.08 6813596.63 392.41 
565056.46 6813596.7 392.55 
565056.81 6813596.76 392.71000000000004 
565057.16 6813596.82 392.86 
565057.51 6813596.88 393.07 
565057.89 6813596.95 393.22 
565058.25 6813597.0 393.23 
565058.6 6813597.05 393.28000000000003 
565058.96 6813597.11 393.37 
565059.31 6813597.16 393.42 
565059.66 6813597.22 393.49 
565060.0 6813597.2700000005 393.62 
565060.39 6813597.34 393.86 
565060.76 6813597.42 394.13 
565061.11 6813597.48 394.31 
565061.54 6813597.62 395.34000000000003 
565061.91 6813597.71 395.92 
565062.31 6813597.86 397.15000000000003 
565062.5700000001 6813597.78 395.64 
565062.91 6813597.8 395.2 
565063.27 6813597.84 395.16 
565063.61 6813597.9 395.28000000000003 
565022.93 6813591.83 383.81 
565023.28 6813591.88 383.81 
565023.64 6813591.93 383.84000000000003 
565023.98 6813591.98 383.84000000000003 
565024.37 6813592.03 383.86 
565024.73 6813592.08 383.84000000000003 
565025.09 6813592.140000001 383.91 
565025.47 6813592.19 383.97 
565025.83 6813592.25 384.06 
565026.2000000001 6813592.3100000005 384.16 
565026.56 6813592.37 384.29 
565026.9400000001 6813592.43 384.43 
565027.33 6813592.5 384.53000000000003 
565027.7000000001 6813592.5600000005 384.7 
565028.08 6813592.63 384.84000000000003 
565028.4500000001 6813592.69 384.99 
565028.81 6813592.74 385.04 
565029.16 6813592.79 385.07 
565029.54 6813592.850000001 385.14 
565029.9400000001 6813592.92 385.35 
565030.29 6813592.97 385.40000000000003 
565030.7000000001 6813593.05 385.71000000000004 
565031.08 6813593.12 385.94 
565031.4400000001 6813593.2 386.24 
565031.8200000001 6813593.26 386.42 
565032.21 6813593.33 386.6 
565032.59 6813593.4 386.77 
565032.9500000001 6813593.45 386.84000000000003 
565033.34 6813593.5200000005 387.01 
565033.6900000001 6813593.58 387.1 
565034.06 6813593.640000001 387.24 
565034.42 6813593.7 387.39 
565034.79 6813593.76 387.51 
565035.18 6813593.82 387.6 
565035.54 6813593.87 387.64 
565035.89 6813593.92 387.66 
565036.25 6813593.97 387.66 
565036.61 6813594.03 387.71000000000004 
565036.9400000001 6813594.08 387.72 
565037.31 6813594.13 387.72 
565037.6900000001 6813594.18 387.72 
565038.03 6813594.23 387.75 
565038.4 6813594.28 387.73 
565038.75 6813594.33 387.75 
565039.09 6813594.38 387.76 
565039.4500000001 6813594.43 387.77 
565039.8200000001 6813594.48 387.79 
565040.17 6813594.53 387.76 
565040.53 6813594.58 387.79 
565040.91 6813594.640000001 387.84000000000003 
565041.25 6813594.69 387.89 
565041.6 6813594.74 387.98 
565041.96 6813594.8 388.06 
565042.33 6813594.86 388.15000000000003 
565042.72 6813594.92 388.25 
565043.06 6813594.97 388.31 
565043.43 6813595.03 388.41 
565043.79 6813595.08 388.45 
565044.15 6813595.140000001 388.53000000000003 
565044.48 6813595.19 388.6 
565044.87 6813595.25 388.7 
565045.25 6813595.3100000005 388.78000000000003 
565045.59 6813595.37 388.87 
565045.98 6813595.43 389.02 
565046.46 6813595.640000001 390.83 
565046.3200000001 6813595.49 389.13 
565046.81 6813595.69 390.84000000000003 
565047.17 6813595.74 390.92 
565047.54 6813595.8 390.99 
565047.89 6813595.850000001 391.01 
565048.25 6813595.91 391.09000000000003 
565048.62 6813595.96 391.14 
565048.97 6813596.01 391.18 
565049.18 6813595.92 389.51 
565049.53 6813595.96 389.48 
565049.91 6813596.03 389.7 
565050.31 6813596.12 390.16 
565050.66 6813596.18 390.29 
565051.04 6813596.25 390.5 
565051.39 6813596.3 390.53000000000003 
565051.74 6813596.36 390.63 
565052.34 6813596.7 394.12 
565052.1 6813596.42 390.86 
565052.78 6813596.850000001 395.2 
565052.67 6813596.72 393.7 
565052.46 6813596.47 390.8 
565053.1 6813596.850000001 394.66 
565053.0 6813596.73 393.25 
565052.84 6813596.53 390.90000000000003 
565053.4500000001 6813596.9 394.73 
565053.35 6813596.78 393.21000000000004 
565053.1900000001 6813596.59 391.03000000000003 
565053.79 6813596.93 394.48 
565053.68 6813596.8 392.94 
565053.5700000001 6813596.66 391.33 
565054.18 6813597.04 395.16 
565054.09 6813596.93 393.84000000000003 
565053.93 6813596.72 391.44 
565054.41 6813596.94 393.40000000000003 
565054.28 6813596.78 391.49 
565054.74 6813596.98 393.37 
565054.63 6813596.84 391.7 
565055.0 6813596.9 391.84000000000003 
565055.38 6813596.97 392.03000000000003 
565055.74 6813597.04 392.29 
565056.12 6813597.11 392.49 
565056.46 6813597.16 392.58 
565056.81 6813597.22 392.72 
565057.17 6813597.28 392.86 
565057.55 6813597.350000001 393.08 
565057.91 6813597.41 393.23 
565058.27 6813597.47 393.34000000000003 
565058.64 6813597.53 393.46000000000004 
565058.97 6813597.58 393.48 
565059.3200000001 6813597.63 393.48 
565059.67 6813597.68 393.56 
565060.04 6813597.76 393.88 
565060.42 6813597.82 393.98 
565060.78 6813597.9 394.41 
565061.14 6813597.96 394.51 
565061.49 6813598.0 394.39 
565061.84 6813598.05 394.45 
565062.1900000001 6813598.15 395.07 
565062.56 6813598.19 395.0 
565062.9400000001 6813598.26 395.14 
565063.28 6813598.32 395.3 
565063.65 6813598.390000001 395.58 
565022.87 6813592.350000001 383.78000000000003 
565023.24 6813592.4 383.8 
565023.58 6813592.45 383.82 
565023.9400000001 6813592.5 383.85 
565024.31 6813592.55 383.85 
565024.68 6813592.600000001 383.87 
565025.04 6813592.66 383.89 
565025.42 6813592.71 383.89 
565025.76 6813592.76 383.97 
565026.13 6813592.82 384.06 
565026.49 6813592.87 384.12 
565026.87 6813592.94 384.27 
565027.26 6813593.0 384.38 
565027.64 6813593.07 384.57 
565028.02 6813593.13 384.74 
565028.39 6813593.19 384.84000000000003 
565028.74 6813593.25 384.93 
565029.12 6813593.3100000005 385.12 
565029.49 6813593.36 385.11 
565029.89 6813593.43 385.25 
565030.23 6813593.48 385.35 
565030.64 6813593.5600000005 385.58 
565031.03 6813593.640000001 385.92 
565031.4 6813593.71 386.26 
565031.77 6813593.78 386.43 
565032.17 6813593.850000001 386.69 
565032.55 6813593.92 386.86 
565032.92 6813593.98 387.0 
565033.3200000001 6813594.0600000005 387.3 
565033.66 6813594.11 387.3 
565034.02 6813594.16 387.36 
565034.38 6813594.22 387.49 
565034.76 6813594.28 387.62 
565035.13 6813594.34 387.68 
565035.49 6813594.390000001 387.72 
565035.86 6813594.44 387.72 
565036.21 6813594.49 387.71000000000004 
565036.55 6813594.54 387.74 
565036.9 6813594.59 387.75 
565037.27 6813594.640000001 387.76 
565037.65 6813594.7 387.78000000000003 
565037.98 6813594.74 387.76 
565038.36 6813594.79 387.76 
565038.71 6813594.84 387.77 
565039.05 6813594.890000001 387.76 
565039.39 6813594.94 387.79 
565039.77 6813594.99 387.78000000000003 
565040.14 6813595.04 387.81 
565040.49 6813595.09 387.83 
565040.85 6813595.140000001 387.83 
565041.2000000001 6813595.2 387.87 
565041.55 6813595.25 387.90000000000003 
565041.91 6813595.3 388.0 
565042.28 6813595.36 388.09000000000003 
565042.66 6813595.42 388.2 
565043.02 6813595.48 388.3 
565043.39 6813595.54 388.37 
565043.74 6813595.59 388.44 
565044.1 6813595.640000001 388.49 
565044.4500000001 6813595.7 388.55 
565044.8200000001 6813595.76 388.64 
565045.1900000001 6813595.8100000005 388.73 
565045.55 6813595.87 388.84000000000003 
565045.92 6813595.93 388.91 
565046.28 6813595.98 388.99 
565046.78 6813596.2 390.97 
565047.12 6813596.25 391.02 
565047.5 6813596.3100000005 391.06 
565047.87 6813596.37 391.13 
565048.2000000001 6813596.41 391.1 
565048.5700000001 6813596.46 391.05 
565048.92 6813596.5 390.99 
565049.25 6813596.55 390.97 
565049.49 6813596.47 389.6 
565049.86 6813596.53 389.62 
565050.25 6813596.61 389.93 
565050.62 6813596.68 390.24 
565051.0 6813596.75 390.45 
565051.66 6813597.16 394.78000000000003 
565051.35 6813596.8 390.55 
565052.0 6813597.2 394.68 
565051.6900000001 6813596.850000001 390.56 
565052.43 6813597.350000001 395.85 
565052.3200000001 6813597.23 394.42 
565052.06 6813596.92 390.73 
565052.75 6813597.38 395.62 
565052.41 6813596.97 390.83 
565053.13 6813597.43 395.57 
565052.9500000001 6813597.22 393.13 
565052.79 6813597.03 390.87 
565053.53 6813597.55 396.43 
565053.38 6813597.37 394.33 
565053.15 6813597.08 390.95 
565053.88 6813597.59 396.33 
565053.66 6813597.32 393.15000000000003 
565053.52 6813597.15 391.17 
565053.87 6813597.21 391.33 
565054.4400000001 6813597.53 394.54 
565054.35 6813597.42 393.25 
565054.23 6813597.2700000005 391.43 
565054.79 6813597.600000001 394.83 
565054.5700000001 6813597.32 391.49 
565054.9500000001 6813597.390000001 391.68 
565055.6 6813597.8 395.95 
565055.3200000001 6813597.46 391.88 
565055.93 6813597.850000001 395.97 
565055.67 6813597.5200000005 392.08 
565056.34 6813597.95 396.54 
565056.06 6813597.58 392.22 
565056.72 6813598.04 397.13 
565056.42 6813597.65 392.43 
565057.01 6813598.04 396.53000000000003 
565056.75 6813597.7 392.56 
565057.3200000001 6813598.04 395.93 
565057.12 6813597.7700000005 392.74 
565057.5 6813597.84 392.97 
565057.86 6813597.9 393.12 
565058.21 6813597.96 393.24 
565058.59 6813598.0200000005 393.40000000000003 
565058.93 6813598.08 393.47 
565059.28 6813598.13 393.49 
565059.63 6813598.18 393.54 
565059.99 6813598.24 393.66 
565060.36 6813598.3 393.77 
565060.72 6813598.36 393.98 
565061.1 6813598.44 394.35 
565061.4400000001 6813598.49 394.32 
565061.79 6813598.54 394.43 
565062.14 6813598.61 394.63 
565062.52 6813598.68 394.88 
565062.89 6813598.75 395.14 
565063.23 6813598.8 395.15000000000003 
565063.6 6813598.86 395.3 
565023.03 6813592.76 383.81 
565023.36 6813592.8100000005 383.8 
565023.73 6813592.87 383.86 
565024.11 6813592.92 383.86 
565024.47 6813592.97 383.87 
565024.83 6813593.0200000005 383.89 
565025.2000000001 6813593.07 383.88 
565025.56 6813593.13 383.95 
565025.92 6813593.18 384.0 
565026.27 6813593.23 384.04 
565026.65 6813593.3 384.19 
565027.04 6813593.350000001 384.26 
565027.4 6813593.41 384.36 
565027.79 6813593.48 384.58 
565028.18 6813593.55 384.83 
565028.54 6813593.61 384.91 
565028.92 6813593.68 385.11 
565029.29 6813593.73 385.14 
565029.68 6813593.8 385.36 
565030.04 6813593.850000001 385.34000000000003 
565030.42 6813593.91 385.49 
565030.8 6813593.99 385.84000000000003 
565031.18 6813594.0600000005 386.09000000000003 
565031.56 6813594.140000001 386.35 
565031.96 6813594.21 386.63 
565032.36 6813594.29 386.93 
565032.73 6813594.36 387.15000000000003 
565033.11 6813594.42 387.29 
565033.49 6813594.49 387.54 
565033.83 6813594.54 387.56 
565034.18 6813594.59 387.59000000000003 
565034.56 6813594.65 387.65000000000003 
565034.9400000001 6813594.7 387.71000000000004 
565035.28 6813594.75 387.73 
565035.66 6813594.8100000005 387.75 
565035.99 6813594.86 387.75 
565036.35 6813594.9 387.75 
565036.6900000001 6813594.95 387.77 
565037.06 6813595.01 387.8 
565037.43 6813595.0600000005 387.78000000000003 
565037.79 6813595.11 387.78000000000003 
565038.14 6813595.16 387.81 
565038.5 6813595.21 387.81 
565038.85 6813595.26 387.81 
565039.1900000001 6813595.3 387.82 
565039.55 6813595.350000001 387.81 
565039.93 6813595.41 387.81 
565040.27 6813595.45 387.84000000000003 
565040.65 6813595.51 387.83 
565041.0 6813595.5600000005 387.89 
565041.34 6813595.61 387.94 
565041.7000000001 6813595.67 388.02 
565042.08 6813595.73 388.11 
565042.4400000001 6813595.78 388.16 
565042.8 6813595.84 388.24 
565043.1900000001 6813595.9 388.36 
565043.52 6813595.95 388.40000000000003 
565043.88 6813596.0 388.49 
565044.23 6813596.05 388.51 
565044.6 6813596.11 388.61 
565044.98 6813596.17 388.65000000000003 
565045.34 6813596.23 388.76 
565045.6900000001 6813596.28 388.85 
565046.06 6813596.34 388.91 
565046.42 6813596.4 389.05 
565046.92 6813596.62 391.13 
565047.28 6813596.67 391.08 
565047.65 6813596.72 391.03000000000003 
565047.98 6813596.76 390.97 
565048.35 6813596.8100000005 390.92 
565048.6900000001 6813596.850000001 390.87 
565049.02 6813596.890000001 390.85 
565049.37 6813596.94 390.81 
565049.64 6813596.88 389.57 
565050.01 6813596.95 389.81 
565050.39 6813597.03 390.1 
565050.78 6813597.100000001 390.37 
565051.13 6813597.16 390.56 
565051.67 6813597.44 393.29 
565051.48 6813597.21 390.59000000000003 
565052.23 6813597.73 396.12 
565052.12 6813597.61 394.63 
565051.83 6813597.2700000005 390.65000000000003 
565052.54 6813597.73 395.53000000000003 
565052.4400000001 6813597.61 394.1 
565052.2000000001 6813597.33 390.84000000000003 
565053.0 6813597.890000001 396.75 
565052.88 6813597.75 395.08 
565052.5700000001 6813597.38 390.8 
565053.39 6813598.0 397.52 
565052.91 6813597.43 390.86 
565053.79 6813598.100000001 398.11 
565053.65 6813597.93 396.1 
565053.58 6813597.84 395.1 
565053.47 6813597.71 393.53000000000003 
565053.29 6813597.5 391.01 
565054.11 6813598.12 397.81 
565053.92 6813597.88 394.97 
565053.65 6813597.5600000005 391.21000000000004 
565054.37 6813598.0600000005 396.58 
565054.01 6813597.63 391.43 
565054.76 6813598.18 397.39 
565054.67 6813598.07 396.1 
565054.36 6813597.68 391.47 
565054.73 6813597.74 391.61 
565055.43 6813598.2 396.5 
565055.4 6813598.17 396.08 
565055.11 6813597.8 391.74 
565055.74 6813598.21 395.96000000000004 
565055.46 6813597.87 391.91 
565056.28 6813598.5 398.85 
565056.15 6813598.34 396.92 
565056.59 6813598.51 398.39 
565056.49 6813598.37 396.8 
565056.35 6813598.2 394.8 
565056.18 6813597.99 392.21000000000004 
565056.93 6813598.54 398.26 
565056.84 6813598.43 396.93 
565056.55 6813598.05 392.44 
565057.14 6813598.44 396.42 
565057.08 6813598.350000001 395.40000000000003 
565056.9 6813598.12 392.61 
565057.48 6813598.47 396.22 
565057.26 6813598.18 392.79 
565057.83 6813598.49 395.90000000000003 
565057.65 6813598.25 393.05 
565058.0 6813598.3100000005 393.14 
565058.38 6813598.38 393.36 
565058.72 6813598.44 393.51 
565059.0700000001 6813598.49 393.57 
565059.41 6813598.54 393.6 
565059.78 6813598.59 393.65000000000003 
565060.14 6813598.65 393.72 
565060.5 6813598.72 393.97 
565060.88 6813598.78 394.1 
565061.22 6813598.84 394.27 
565061.5700000001 6813598.9 394.46000000000004 
565061.92 6813598.96 394.55 
565062.29 6813599.0200000005 394.74 
565062.66 6813599.09 394.89 
565063.01 6813599.15 395.07 
565063.37 6813599.21 395.19 
565063.73 6813599.2700000005 395.33 
565023.08 6813593.19 383.83 
565023.42 6813593.24 383.88 
565023.8 6813593.29 383.90000000000003 
565024.18 6813593.34 383.90000000000003 
565024.53 6813593.390000001 383.90000000000003 
565024.89 6813593.44 383.90000000000003 
565025.25 6813593.49 383.92 
565025.6 6813593.54 383.95 
565025.96 6813593.600000001 383.98 
565026.34 6813593.65 384.02 
565026.72 6813593.71 384.15000000000003 
565027.08 6813593.7700000005 384.21000000000004 
565027.48 6813593.84 384.39 
565027.84 6813593.9 384.58 
565028.23 6813593.98 384.87 
565028.61 6813594.04 385.07 
565028.98 6813594.09 385.09000000000003 
565029.36 6813594.15 385.17 
565029.72 6813594.21 385.31 
565030.11 6813594.29 385.54 
565030.48 6813594.34 385.65000000000003 
565030.85 6813594.41 385.86 
565031.3200000001 6813594.57 387.12 
565031.22 6813594.48 386.12 
565031.73 6813594.65 387.42 
565032.06 6813594.67 387.03000000000003 
565032.43 6813594.73 387.24 
565032.8200000001 6813594.8 387.48 
565033.18 6813594.86 387.56 
565033.53 6813594.91 387.61 
565033.88 6813594.97 387.68 
565034.25 6813595.0200000005 387.71000000000004 
565034.75 6813595.18 388.93 
565035.09 6813595.23 388.90000000000003 
565035.46 6813595.2700000005 388.87 
565035.79 6813595.3100000005 388.79 
565035.6900000001 6813595.22 387.78000000000003 
565036.04 6813595.2700000005 387.78000000000003 
565036.39 6813595.32 387.76 
565036.76 6813595.37 387.78000000000003 
565037.12 6813595.42 387.78000000000003 
565037.47 6813595.47 387.79 
565037.85 6813595.53 387.82 
565038.1900000001 6813595.57 387.84000000000003 
565038.54 6813595.62 387.85 
565038.88 6813595.67 387.83 
565039.25 6813595.72 387.86 
565039.63 6813595.78 387.87 
565039.97 6813595.82 387.89 
565040.34 6813595.88 387.91 
565040.6900000001 6813595.92 387.90000000000003 
565041.05 6813595.98 387.95 
565041.38 6813596.03 388.0 
565041.76 6813596.09 388.07 
565042.15 6813596.15 388.17 
565042.49 6813596.2 388.21000000000004 
565042.86 6813596.25 388.3 
565043.22 6813596.3100000005 388.36 
565043.5700000001 6813596.36 388.44 
565043.92 6813596.41 388.48 
565044.29 6813596.47 388.56 
565044.66 6813596.53 388.65000000000003 
565045.02 6813596.58 388.7 
565045.4 6813596.640000001 388.77 
565045.73 6813596.69 388.84000000000003 
565046.09 6813596.75 388.92 
565046.46 6813596.8100000005 389.08 
565046.97 6813597.0200000005 390.97 
565047.3200000001 6813597.07 390.91 
565047.67 6813597.11 390.86 
565048.03 6813597.16 390.82 
565048.38 6813597.2 390.77 
565048.6 6813597.12 389.29 
565048.9500000001 6813597.18 389.40000000000003 
565049.35 6813597.2700000005 389.81 
565049.73 6813597.33 389.93 
565050.08 6813597.390000001 390.16 
565050.46 6813597.45 390.19 
565050.8200000001 6813597.5200000005 390.43 
565051.43 6813597.87 394.08 
565051.17 6813597.57 390.58 
565051.9 6813598.08 395.96000000000004 
565051.79 6813597.95 394.42 
565051.71 6813597.850000001 393.26 
565051.52 6813597.63 390.64 
565052.28 6813598.13 395.98 
565052.75 6813598.33 397.67 
565052.68 6813598.24 396.61 
565052.26 6813597.74 390.83 
565053.12 6813598.390000001 397.93 
565052.9400000001 6813598.19 395.51 
565052.61 6813597.79 390.81 
565053.53 6813598.51 398.76 
565053.75 6813598.41 397.02 
565053.55 6813598.17 394.13 
565054.08 6813598.45 396.84000000000003 
565053.6900000001 6813597.97 391.26 
565054.41 6813598.48 396.63 
565054.05 6813598.04 391.44 
565054.7000000001 6813598.46 395.85 
565054.4 6813598.09 391.48 
565055.1900000001 6813598.66 397.61 
565054.78 6813598.15 391.57 
565055.6900000001 6813598.9 399.94 
565055.58 6813598.76 398.27 
565055.53 6813598.7 397.59000000000003 
565055.99 6813598.88 399.11 
565056.35 6813598.95 399.40000000000003 
565056.59 6813598.87 397.93 
565056.22 6813598.4 392.3 
565056.9500000001 6813598.94 398.15000000000003 
565056.81 6813598.76 396.03000000000003 
565056.58 6813598.46 392.48 
565057.29 6813598.97 397.95 
565056.9500000001 6813598.53 392.7 
565057.61 6813598.96 397.16 
565057.51 6813598.83 395.64 
565057.33 6813598.59 392.84000000000003 
565057.86 6813598.9 395.90000000000003 
565057.67 6813598.66 393.02 
565058.05 6813598.72 393.18 
565058.41 6813598.78 393.33 
565058.76 6813598.84 393.53000000000003 
565059.1 6813598.9 393.63 
565059.47 6813598.95 393.69 
565059.84 6813599.01 393.7 
565060.18 6813599.0600000005 393.74 
565060.55 6813599.12 393.87 
565060.9 6813599.18 394.06 
565061.25 6813599.25 394.34000000000003 
565061.61 6813599.3100000005 394.5 
565061.97 6813599.37 394.58 
565062.34 6813599.42 394.64 
565062.6900000001 6813599.48 394.82 
565063.06 6813599.55 394.96000000000004 
565063.4 6813599.61 395.15000000000003 
565063.76 6813599.67 395.35 
565022.89 6813593.48 383.84000000000003 
565023.25 6813593.53 383.85 
565023.62 6813593.59 383.90000000000003 
565023.99 6813593.640000001 383.92 
565024.35 6813593.69 383.91 
565024.71 6813593.74 383.92 
565025.0700000001 6813593.79 383.92 
565025.42 6813593.84 383.94 
565025.77 6813593.890000001 383.95 
565026.15 6813593.95 384.0 
565026.54 6813594.0 384.07 
565026.88 6813594.0600000005 384.16 
565027.28 6813594.12 384.29 
565027.66 6813594.19 384.48 
565028.03 6813594.25 384.7 
565028.41 6813594.33 384.96000000000004 
565028.8 6813594.390000001 385.07 
565029.18 6813594.45 385.26 
565029.54 6813594.5 385.26 
565029.93 6813594.57 385.46000000000004 
565030.28 6813594.63 385.54 
565030.67 6813594.71 385.87 
565031.05 6813594.7700000005 386.09000000000003 
565031.51 6813594.92 387.15000000000003 
565031.92 6813594.99 387.39 
565032.24 6813595.0200000005 387.11 
565032.63 6813595.09 387.38 
565033.0 6813595.15 387.57 
565033.36 6813595.21 387.63 
565033.7000000001 6813595.26 387.69 
565034.2000000001 6813595.42 388.92 
565034.58 6813595.48 389.0 
565034.4500000001 6813595.37 387.76 
565034.8 6813595.42 387.78000000000003 
565035.17 6813595.47 387.78000000000003 
565035.62 6813595.600000001 388.72 
565035.52 6813595.5200000005 387.78000000000003 
565035.9500000001 6813595.65 388.79 
565036.3 6813595.69 388.69 
565036.21 6813595.61 387.76 
565036.58 6813595.66 387.77 
565036.9400000001 6813595.71 387.79 
565037.29 6813595.76 387.8 
565037.67 6813595.82 387.83 
565038.01 6813595.86 387.84000000000003 
565038.37 6813595.91 387.85 
565038.71 6813595.96 387.85 
565039.08 6813596.01 387.88 
565039.4500000001 6813596.0600000005 387.87 
565039.8 6813596.11 387.89 
565040.16 6813596.16 387.91 
565040.52 6813596.21 387.92 
565040.87 6813596.26 387.93 
565041.21 6813596.32 387.99 
565041.58 6813596.37 388.08 
565041.96 6813596.43 388.15000000000003 
565042.31 6813596.48 388.2 
565042.6900000001 6813596.54 388.27 
565043.05 6813596.600000001 388.37 
565043.38 6813596.640000001 388.39 
565043.74 6813596.7 388.47 
565044.12 6813596.76 388.54 
565044.49 6813596.8100000005 388.59000000000003 
565044.84 6813596.87 388.75 
565045.22 6813596.93 388.79 
565045.56 6813596.98 388.85 
565045.92 6813597.03 388.86 
565046.26 6813597.08 388.94 
565046.64 6813597.15 389.11 
565047.15 6813597.350000001 390.82 
565047.49 6813597.390000001 390.78000000000003 
565047.84 6813597.43 390.74 
565047.72 6813597.3 389.21000000000004 
565048.0700000001 6813597.350000001 389.2 
565048.43 6813597.4 389.26 
565048.79 6813597.47 389.44 
565049.17 6813597.54 389.72 
565049.55 6813597.61 389.94 
565049.92 6813597.68 390.2 
565050.29 6813597.73 390.24 
565050.63 6813597.79 390.32 
565051.29 6813598.19 394.52 
565050.99 6813597.850000001 390.44 
565051.76 6813598.390000001 396.23 
565051.68 6813598.29 395.15000000000003 
565051.34 6813597.9 390.57 
565052.12 6813598.43 396.19 
565051.72 6813597.96 390.66 
565052.6900000001 6813598.73 399.09000000000003 
565052.59 6813598.62 397.77 
565053.08 6813598.84 399.83 
565052.92 6813598.65 397.64 
565052.68 6813598.36 394.25 
565052.4400000001 6813598.08 390.88 
565053.3200000001 6813598.74 398.13 
565052.8 6813598.12 390.81 
565053.74 6813598.890000001 399.28000000000003 
565054.05 6813598.91 399.05 
565053.99 6813598.84 398.13 
565053.9 6813598.73 396.91 
565053.5 6813598.24 391.07 
565054.26 6813598.79 397.08 
565053.86 6813598.3100000005 391.3 
565054.62 6813598.83 396.93 
565054.25 6813598.37 391.51 
565055.03 6813598.95 397.77 
565054.91 6813598.8 395.99 
565054.61 6813598.42 391.51 
565055.54 6813599.21 400.31 
565055.37 6813599.01 397.88 
565054.96 6813598.48 391.68 
565055.86 6813599.2 399.61 
565056.24 6813599.32 400.44 
565056.18 6813599.24 399.47 
565056.51 6813599.26 399.19 
565056.04 6813598.66 392.11 
565056.4 6813598.73 392.35 
565057.0700000001 6813599.19 397.24 
565056.76 6813598.79 392.5 
565057.4500000001 6813599.25 397.32 
565057.34 6813599.11 395.62 
565057.15 6813598.87 392.78000000000003 
565057.8 6813599.3100000005 397.53000000000003 
565057.66 6813599.13 395.32 
565057.51 6813598.92 392.88 
565057.98 6813599.15 394.98 
565057.87 6813598.99 393.11 
565058.23 6813599.05 393.19 
565058.59 6813599.11 393.41 
565058.93 6813599.17 393.58 
565059.3 6813599.24 393.74 
565059.67 6813599.29 393.77 
565060.0 6813599.33 393.74 
565060.38 6813599.390000001 393.83 
565060.72 6813599.45 393.94 
565061.0700000001 6813599.51 394.16 
565061.4400000001 6813599.58 394.46000000000004 
565061.81 6813599.65 394.61 
565062.16 6813599.7 394.66 
565062.51 6813599.75 394.68 
565062.89 6813599.8100000005 394.81 
565063.23 6813599.88 395.08 
565063.58 6813599.94 395.22 
565022.79 6813593.83 383.84000000000003 
565023.15 6813593.88 383.85 
565023.52 6813593.94 383.88 
565023.9 6813593.99 383.90000000000003 
565024.25 6813594.04 383.90000000000003 
565024.62 6813594.09 383.95 
565024.98 6813594.140000001 383.93 
565025.33 6813594.19 383.92 
565025.67 6813594.23 383.94 
565026.05 6813594.29 383.96000000000004 
565026.4400000001 6813594.350000001 384.02 
565026.79 6813594.4 384.09000000000003 
565027.17 6813594.46 384.24 
565027.54 6813594.5200000005 384.35 
565027.92 6813594.59 384.59000000000003 
565028.3 6813594.66 384.82 
565028.7000000001 6813594.73 384.98 
565029.06 6813594.78 385.03000000000003 
565029.4500000001 6813594.86 385.33 
565029.83 6813594.91 385.36 
565030.18 6813594.97 385.48 
565030.55 6813595.04 385.72 
565030.9500000001 6813595.12 386.11 
565031.33 6813595.19 386.33 
565031.8 6813595.32 387.16 
565032.12 6813595.350000001 386.94 
565032.52 6813595.43 387.3 
565032.9 6813595.5 387.54 
565033.26 6813595.55 387.62 
565033.6 6813595.600000001 387.68 
565034.1 6813595.76 388.84000000000003 
565034.36 6813595.71 387.76 
565034.7000000001 6813595.76 387.76 
565035.15 6813595.890000001 388.59000000000003 
565036.21 6813596.04 388.7 
565036.58 6813596.09 388.76 
565036.9400000001 6813596.140000001 388.71000000000004 
565036.86 6813596.0600000005 387.81 
565037.2000000001 6813596.11 387.81 
565037.58 6813596.16 387.83 
565037.91 6813596.21 387.85 
565038.27 6813596.26 387.85 
565038.62 6813596.3100000005 387.86 
565038.98 6813596.36 387.87 
565039.35 6813596.41 387.90000000000003 
565039.7000000001 6813596.46 387.89 
565040.0700000001 6813596.51 387.93 
565040.42 6813596.5600000005 387.94 
565040.77 6813596.61 387.96000000000004 
565041.12 6813596.66 388.01 
565041.49 6813596.72 388.06 
565041.87 6813596.78 388.14 
565042.21 6813596.83 388.21000000000004 
565042.59 6813596.88 388.26 
565042.9500000001 6813596.94 388.34000000000003 
565043.29 6813596.99 388.40000000000003 
565043.64 6813597.04 388.48 
565044.02 6813597.100000001 388.52 
565044.38 6813597.15 388.56 
565044.75 6813597.22 388.79 
565045.13 6813597.28 388.94 
565045.48 6813597.33 388.96000000000004 
565045.92 6813597.49 390.21000000000004 
565045.83 6813597.390000001 389.03000000000003 
565046.16 6813597.42 388.85 
565046.52 6813597.47 388.93 
565046.91 6813597.54 389.05 
565047.26 6813597.59 389.13 
565047.62 6813597.640000001 389.09000000000003 
565047.96 6813597.69 389.14 
565048.3200000001 6813597.74 389.2 
565048.68 6813597.8 389.32 
565049.06 6813597.87 389.56 
565049.4400000001 6813597.94 389.84000000000003 
565049.8 6813598.0 389.93 
565050.17 6813598.0600000005 390.01 
565050.53 6813598.12 390.13 
565050.88 6813598.18 390.38 
565051.63 6813598.7 395.90000000000003 
565051.5700000001 6813598.63 395.11 
565051.31 6813598.33 391.53000000000003 
565051.24 6813598.25 390.61 
565052.02 6813598.78 396.26 
565051.63 6813598.32 390.79 
565052.58 6813599.05 398.84000000000003 
565051.99 6813598.36 390.72 
565052.87 6813599.0600000005 398.41 
565053.31 6813599.19 399.39 
565053.6900000001 6813599.29 399.96000000000004 
565053.05 6813598.5200000005 390.89 
565053.9 6813599.18 398.17 
565053.4 6813598.58 391.06 
565054.31 6813599.3100000005 399.09000000000003 
565054.0700000001 6813599.0200000005 395.67 
565053.86 6813598.76 392.61 
565054.39 6813599.0200000005 395.11 
565054.13 6813598.71 391.41 
565055.01 6813599.390000001 398.91 
565054.9 6813599.25 397.29 
565054.5 6813598.7700000005 391.53000000000003 
565055.41 6813599.51 399.81 
565055.81 6813599.61 400.33 
565055.24 6813598.88 391.71000000000004 
565056.18 6813599.71 400.98 
565056.49 6813599.71 400.47 
565056.34 6813599.51 398.12 
565055.9400000001 6813599.01 392.09000000000003 
565056.79 6813599.71 399.85 
565056.29 6813599.0600000005 392.18 
565057.02 6813599.600000001 398.04 
565056.66 6813599.13 392.46000000000004 
565057.4 6813599.68 398.34000000000003 
565057.03 6813599.19 392.54 
565057.4 6813599.26 392.77 
565057.88 6813599.49 394.92 
565057.76 6813599.32 392.96000000000004 
565058.27 6813599.58 395.42 
565058.12 6813599.38 393.13 
565058.47 6813599.44 393.24 
565058.8200000001 6813599.5 393.45 
565059.21 6813599.58 393.81 
565059.58 6813599.63 393.81 
565059.9 6813599.68 393.87 
565060.27 6813599.73 393.79 
565060.63 6813599.79 393.90000000000003 
565060.96 6813599.84 394.03000000000003 
565061.31 6813599.890000001 394.04 
565061.7000000001 6813599.97 394.37 
565022.67 6813594.37 383.89 
565023.04 6813594.43 383.91 
565023.41 6813594.48 383.93 
565023.77 6813594.53 383.95 
565024.15 6813594.58 383.96000000000004 
565024.48 6813594.63 383.99 
565024.85 6813594.68 384.0 
565025.2000000001 6813594.73 383.98 
565025.5700000001 6813594.78 384.01 
565025.9400000001 6813594.83 384.02 
565026.31 6813594.890000001 384.08 
565026.68 6813594.95 384.19 
565027.06 6813595.0 384.29 
565027.42 6813595.07 384.45 
565027.78 6813595.13 384.59000000000003 
565028.1900000001 6813595.2 384.8 
565028.59 6813595.2700000005 385.06 
565028.9400000001 6813595.33 385.21000000000004 
565029.34 6813595.390000001 385.33 
565029.71 6813595.46 385.51 
565030.0700000001 6813595.5200000005 385.71000000000004 
565030.4400000001 6813595.59 385.94 
565030.85 6813595.66 386.19 
565031.26 6813595.76 386.66 
565031.63 6813595.82 386.85 
565032.02 6813595.890000001 387.08 
565032.41 6813595.98 387.51 
565032.78 6813596.04 387.65000000000003 
565033.13 6813596.09 387.71000000000004 
565033.58 6813596.22 388.61 
565033.49 6813596.15 387.76 
565033.96 6813596.2700000005 388.63 
565033.88 6813596.2 387.81 
565034.31 6813596.32 388.62 
565035.02 6813596.42 388.66 
565035.37 6813596.47 388.63 
565035.72 6813596.5200000005 388.7 
565036.1 6813596.57 388.72 
565036.8 6813596.67 388.76 
565037.1 6813596.65 387.88 
565037.4400000001 6813596.69 387.87 
565037.78 6813596.74 387.88 
565038.14 6813596.79 387.87 
565038.51 6813596.84 387.90000000000003 
565038.87 6813596.890000001 387.90000000000003 
565039.22 6813596.94 387.92 
565039.59 6813596.99 387.92 
565039.9500000001 6813597.04 387.97 
565040.29 6813597.100000001 388.01 
565040.65 6813597.15 388.06 
565041.02 6813597.2 388.13 
565041.39 6813597.26 388.19 
565041.75 6813597.32 388.29 
565042.12 6813597.37 388.31 
565042.46 6813597.42 388.37 
565042.8200000001 6813597.47 388.43 
565043.17 6813597.5200000005 388.47 
565043.54 6813597.58 388.52 
565044.16 6813597.890000001 391.61 
565043.9 6813597.63 388.56 
565044.51 6813597.94 391.58 
565044.8 6813597.91 390.7 
565045.03 6813597.84 389.33 
565045.38 6813597.9 389.39 
565045.8 6813598.03 390.44 
565045.72 6813597.95 389.46000000000004 
565046.05 6813597.95 388.86 
565046.42 6813598.0 388.89 
565046.76 6813598.05 388.96000000000004 
565047.14 6813598.11 389.04 
565047.49 6813598.16 389.08 
565047.83 6813598.21 389.14 
565048.18 6813598.2700000005 389.22 
565048.5700000001 6813598.33 389.38 
565048.9400000001 6813598.4 389.59000000000003 
565049.3200000001 6813598.47 389.89 
565049.78 6813598.63 391.21000000000004 
565049.6900000001 6813598.53 389.97 
565050.05 6813598.600000001 390.23 
565050.39 6813598.640000001 390.12 
565050.76 6813598.7 390.36 
565051.4 6813599.09 394.35 
565051.12 6813598.7700000005 390.57 
565051.9 6813599.29 396.05 
565051.83 6813599.21 395.14 
565051.51 6813598.84 390.79 
565052.1900000001 6813599.28 395.37 
565051.86 6813598.890000001 390.77 
565052.78 6813599.600000001 398.65000000000003 
565052.23 6813598.95 390.91 
565053.13 6813599.66 398.78000000000003 
565052.5700000001 6813598.99 390.88 
565053.48 6813599.71 398.82 
565052.92 6813599.04 390.90000000000003 
565053.6 6813599.5 395.82 
565053.26 6813599.100000001 391.05 
565054.03 6813599.63 396.71000000000004 
565053.8 6813599.34 393.32 
565054.58 6813599.91 399.45 
565054.1 6813599.33 392.6 
565055.4400000001 6813599.46 391.90000000000003 
565056.13 6813599.94 397.06 
565056.4400000001 6813599.92 396.19 
565056.77 6813599.94 395.82 
565056.55 6813599.66 392.49 
565056.91 6813599.72 392.64 
565057.29 6813599.78 392.78000000000003 
565057.63 6813599.84 392.99 
565057.99 6813599.9 393.09000000000003 
565058.34 6813599.96 393.25 
565022.9400000001 6813594.7700000005 383.88 
565023.3 6813594.82 383.92 
565023.66 6813594.87 383.95 
565024.04 6813594.92 383.96000000000004 
565024.39 6813594.97 383.99 
565024.74 6813595.0200000005 384.0 
565025.09 6813595.07 383.99 
565025.47 6813595.12 384.01 
565025.84 6813595.17 384.02 
565026.1900000001 6813595.22 383.98 
565026.56 6813595.28 384.07 
565026.9400000001 6813595.34 384.19 
565027.3 6813595.390000001 384.26 
565027.68 6813595.46 384.51 
565028.06 6813595.5200000005 384.64 
565028.46 6813595.59 384.83 
565028.8200000001 6813595.65 385.0 
565029.22 6813595.72 385.22 
565029.59 6813595.79 385.43 
565029.97 6813595.86 385.7 
565030.3200000001 6813595.91 385.77 
565030.72 6813595.98 385.96000000000004 
565031.12 6813596.07 386.34000000000003 
565031.5 6813596.140000001 386.6 
565031.91 6813596.22 386.94 
565032.28 6813596.29 387.22 
565032.65 6813596.36 387.48 
565033.02 6813596.42 387.62 
565033.39 6813596.48 387.7 
565033.87 6813596.62 388.7 
565034.21 6813596.66 388.67 
565034.11 6813596.58 387.76 
565034.5700000001 6813596.71 388.61 
565034.92 6813596.76 388.66 
565035.27 6813596.8 388.62 
565035.61 6813596.86 388.69 
565035.98 6813596.9 388.67 
565036.7000000001 6813597.0 388.7 
565037.06 6813597.0600000005 388.72 
565037.34 6813597.03 387.87 
565037.6900000001 6813597.08 387.86 
565038.03 6813597.12 387.85 
565038.4 6813597.17 387.87 
565038.77 6813597.22 387.86 
565039.11 6813597.2700000005 387.84000000000003 
565039.49 6813597.33 387.90000000000003 
565039.83 6813597.38 387.96000000000004 
565040.18 6813597.42 387.95 
565040.54 6813597.48 388.02 
565040.91 6813597.53 388.1 
565041.28 6813597.59 388.16 
565041.64 6813597.640000001 388.22 
565042.01 6813597.7 388.3 
565042.36 6813597.75 388.37 
565042.71 6813597.8 388.39 
565043.33 6813598.12 391.56 
565043.06 6813597.850000001 388.41 
565043.6900000001 6813598.17 391.56 
565043.99 6813598.15 390.7 
565044.33 6813598.19 390.68 
565044.6900000001 6813598.24 390.68 
565045.04 6813598.29 390.69 
565045.3 6813598.25 389.62 
565045.63 6813598.29 389.64 
565046.09 6813598.43 390.58 
565046.02 6813598.36 389.77 
565046.31 6813598.32 388.81 
565046.66 6813598.38 388.86 
565047.02 6813598.43 388.91 
565047.38 6813598.48 388.98 
565047.73 6813598.53 389.05 
565048.08 6813598.59 389.09000000000003 
565048.4500000001 6813598.640000001 389.19 
565049.12 6813599.03 393.14 
565048.83 6813598.71 389.34000000000003 
565049.1900000001 6813598.7700000005 389.5 
565049.7000000001 6813598.97 391.33 
565049.6 6813598.87 390.05 
565049.9400000001 6813598.92 390.21000000000004 
565050.3 6813598.98 390.25 
565050.65 6813599.0200000005 390.25 
565051.27 6813599.38 393.88 
565051.01 6813599.08 390.29 
565051.9 6813599.73 397.42 
565051.64 6813599.43 393.89 
565051.4 6813599.15 390.53000000000003 
565052.2000000001 6813599.74 396.97 
565052.05 6813599.5600000005 394.89 
565051.75 6813599.21 390.7 
565052.52 6813599.74 396.37 
565052.3 6813599.48 393.35 
565052.12 6813599.26 390.77 
565053.0 6813599.94 398.24 
565052.66 6813599.54 393.45 
565052.48 6813599.32 390.93 
565052.8200000001 6813599.36 390.83 
565053.63 6813599.98 397.64 
565053.16 6813599.42 391.0 
565053.8200000001 6813599.82 395.08 
565053.73 6813599.71 393.82 
565053.54 6813599.48 391.09000000000003 
565053.92 6813599.55 391.32 
565054.27 6813599.61 391.45 
565054.64 6813599.67 391.57 
565055.34 6813599.7700000005 391.74 
565055.7000000001 6813599.84 391.94 
565056.0700000001 6813599.91 392.19 
565022.67 6813595.12 383.91 
565023.05 6813595.17 383.95 
565023.4 6813595.22 383.96000000000004 
565023.77 6813595.2700000005 383.99 
565024.13 6813595.32 384.0 
565024.47 6813595.37 384.0 
565024.83 6813595.42 384.02 
565025.21 6813595.47 384.05 
565025.5700000001 6813595.5200000005 384.05 
565025.9400000001 6813595.57 384.05 
565026.3200000001 6813595.62 384.06 
565026.65 6813595.67 384.11 
565027.03 6813595.74 384.24 
565027.4 6813595.79 384.34000000000003 
565027.78 6813595.850000001 384.48 
565028.17 6813595.93 384.72 
565028.55 6813595.99 384.92 
565028.93 6813596.0600000005 385.07 
565029.33 6813596.140000001 385.44 
565029.6900000001 6813596.2 385.56 
565030.03 6813596.24 385.57 
565030.46 6813596.33 386.02 
565030.84 6813596.390000001 386.09000000000003 
565031.2000000001 6813596.47 386.42 
565031.62 6813596.55 386.72 
565032.0 6813596.62 387.01 
565032.37 6813596.69 387.34000000000003 
565032.75 6813596.76 387.57 
565033.13 6813596.82 387.65000000000003 
565033.5 6813596.88 387.73 
565033.9500000001 6813597.01 388.73 
565035.72 6813597.25 388.66 
565036.08 6813597.3 388.65000000000003 
565036.4500000001 6813597.36 388.79 
565036.81 6813597.41 388.77 
565037.17 6813597.46 388.81 
565037.42 6813597.42 387.86 
565037.76 6813597.47 387.84000000000003 
565038.13 6813597.5200000005 387.84000000000003 
565038.51 6813597.57 387.86 
565038.84 6813597.62 387.88 
565039.22 6813597.67 387.90000000000003 
565039.58 6813597.72 387.95 
565039.92 6813597.7700000005 387.94 
565040.27 6813597.82 388.03000000000003 
565040.65 6813597.88 388.1 
565041.02 6813597.93 388.18 
565041.38 6813597.99 388.27 
565042.03 6813598.33 391.59000000000003 
565041.75 6813598.05 388.37 
565042.38 6813598.37 391.58 
565042.65 6813598.350000001 390.77 
565042.99 6813598.390000001 390.69 
565043.35 6813598.44 390.68 
565043.72 6813598.49 390.68 
565044.0700000001 6813598.54 390.69 
565044.43 6813598.59 390.69 
565044.84 6813598.71 391.53000000000003 
565044.77 6813598.63 390.7 
565045.12 6813598.68 390.67 
565044.96 6813598.51 388.71000000000004 
565045.41 6813598.66 389.91 
565045.78 6813598.72 390.0 
565046.14 6813598.78 390.1 
565046.04 6813598.66 388.81 
565046.39 6813598.71 388.82 
565046.76 6813598.7700000005 388.84000000000003 
565047.11 6813598.82 388.89 
565047.4500000001 6813598.87 388.94 
565048.12 6813599.2700000005 393.04 
565047.8 6813598.92 388.98 
565048.49 6813599.3100000005 393.03000000000003 
565048.87 6813599.38 393.19 
565048.9 6813599.09 389.31 
565049.39 6813599.2700000005 390.77 
565049.33 6813599.2 389.98 
565049.72 6813599.3 390.56 
565050.0700000001 6813599.37 390.82 
565050.38 6813599.37 390.34000000000003 
565050.74 6813599.41 390.23 
565051.11 6813599.47 390.35 
565051.7000000001 6813599.79 393.59000000000003 
565051.48 6813599.54 390.58 
565052.12 6813599.91 394.43 
565051.86 6813599.61 390.83 
565052.2000000001 6813599.66 390.87 
565052.55 6813599.71 390.90000000000003 
565052.9 6813599.76 390.93 
565053.25 6813599.8100000005 391.0 
565053.64 6813599.87 391.1 
565054.0 6813599.94 391.3 
565022.74 6813595.63 383.97 
565023.1 6813595.68 384.0 
565023.47 6813595.73 384.02 
565023.84 6813595.78 384.03000000000003 
565024.1900000001 6813595.83 384.05 
565024.54 6813595.87 384.05 
565024.92 6813595.93 384.07 
565025.3 6813595.98 384.1 
565025.63 6813596.03 384.1 
565026.01 6813596.08 384.09000000000003 
565026.37 6813596.13 384.14 
565026.73 6813596.18 384.19 
565027.09 6813596.24 384.34000000000003 
565027.49 6813596.3100000005 384.51 
565027.86 6813596.36 384.57 
565028.23 6813596.42 384.7 
565028.63 6813596.5 385.02 
565029.0 6813596.5600000005 385.22 
565029.36 6813596.62 385.34000000000003 
565029.74 6813596.69 385.55 
565030.12 6813596.76 385.76 
565030.53 6813596.84 386.1 
565030.91 6813596.91 386.32 
565031.3 6813596.97 386.54 
565031.66 6813597.04 386.73 
565032.04 6813597.11 386.97 
565032.43 6813597.19 387.43 
565032.83 6813597.2700000005 387.65000000000003 
565033.2000000001 6813597.32 387.7 
565033.64 6813597.45 388.71000000000004 
565034.02 6813597.5 388.7 
565034.37 6813597.55 388.72 
565035.06 6813597.65 388.69 
565035.42 6813597.69 388.65000000000003 
565035.79 6813597.74 388.69 
565036.52 6813597.850000001 388.79 
565036.86 6813597.9 388.87 
565037.12 6813597.86 387.86 
565037.46 6813597.91 387.85 
565037.83 6813597.96 387.85 
565038.2000000001 6813598.0 387.81 
565038.55 6813598.0600000005 387.85 
565038.91 6813598.11 387.88 
565039.27 6813598.16 387.93 
565039.62 6813598.21 387.98 
565039.97 6813598.26 388.03000000000003 
565040.66 6813598.62 391.59000000000003 
565040.34 6813598.32 388.09000000000003 
565041.03 6813598.67 391.58 
565041.3 6813598.640000001 390.75 
565041.66 6813598.69 390.69 
565042.0 6813598.73 390.69 
565042.35 6813598.78 390.69 
565042.6900000001 6813598.83 390.69 
565043.06 6813598.88 390.7 
565043.42 6813598.93 390.69 
565043.77 6813598.97 390.69 
565044.14 6813599.0200000005 390.7 
565044.48 6813599.07 390.7 
565044.8200000001 6813599.12 390.7 
565045.16 6813599.16 390.63 
565045.5 6813599.18 390.3 
565045.87 6813599.23 390.36 
565046.08 6813599.15 388.8 
565046.8 6813599.5600000005 393.04 
565046.4500000001 6813599.2 388.79 
565047.14 6813599.61 393.03000000000003 
565047.5 6813599.67 393.2 
565047.83 6813599.71 393.22 
565048.21 6813599.7700000005 393.3 
565048.58 6813599.83 393.36 
565048.92 6813599.88 393.41 
565048.96 6813599.57 389.26 
565049.38 6813599.69 390.14 
565049.83 6813599.850000001 391.48 
565049.73 6813599.74 390.16 
565050.0700000001 6813599.79 390.14 
565050.4500000001 6813599.850000001 390.26 
565050.81 6813599.9 390.35 
565051.17 6813599.97 390.53000000000003 
565022.58 6813595.99 383.94 
565022.9400000001 6813596.04 383.98 
565023.31 6813596.09 384.0 
565023.67 6813596.140000001 384.01 
565024.03 6813596.19 384.03000000000003 
565024.36 6813596.24 384.05 
565024.75 6813596.29 384.05 
565025.13 6813596.34 384.06 
565025.47 6813596.390000001 384.09000000000003 
565025.84 6813596.44 384.11 
565026.2000000001 6813596.49 384.1 
565026.55 6813596.54 384.14 
565026.91 6813596.59 384.14 
565027.28 6813596.65 384.22 
565027.68 6813596.72 384.53000000000003 
565028.06 6813596.79 384.7 
565028.4500000001 6813596.850000001 384.82 
565028.8 6813596.91 384.96000000000004 
565029.17 6813596.97 385.11 
565029.54 6813597.03 385.23 
565029.93 6813597.100000001 385.54 
565030.34 6813597.19 385.91 
565030.72 6813597.25 386.05 
565031.1 6813597.32 386.3 
565031.48 6813597.390000001 386.52 
565031.86 6813597.46 386.8 
565032.23 6813597.53 387.11 
565032.64 6813597.61 387.45 
565033.03 6813597.68 387.61 
565033.37 6813597.73 387.7 
565033.86 6813597.87 388.71000000000004 
565034.2000000001 6813597.91 388.7 
565035.62 6813598.11 388.7 
565035.98 6813598.16 388.72 
565036.36 6813598.21 388.8 
565036.6900000001 6813598.26 388.85 
565037.04 6813598.3 388.75 
565037.3 6813598.2700000005 387.85 
565037.66 6813598.32 387.84000000000003 
565038.03 6813598.36 387.8 
565038.39 6813598.41 387.83 
565038.75 6813598.47 387.86 
565039.11 6813598.5200000005 387.90000000000003 
565039.78 6813598.88 391.57 
565039.4500000001 6813598.57 387.94 
565040.14 6813598.93 391.57 
565040.42 6813598.91 390.72 
565040.79 6813598.95 390.68 
565041.13 6813599.0 390.67 
565041.5 6813599.05 390.68 
565041.84 6813599.100000001 390.69 
565042.1900000001 6813599.140000001 390.68 
565042.53 6813599.19 390.68 
565042.9 6813599.24 390.68 
565043.27 6813599.29 390.69 
565043.61 6813599.33 390.69 
565043.97 6813599.38 390.69 
565044.3200000001 6813599.43 390.68 
565044.66 6813599.47 390.68 
565045.01 6813599.5200000005 390.68 
565045.37 6813599.57 390.66 
565045.93 6813599.82 393.03000000000003 
565045.73 6813599.61 390.54 
565046.27 6813599.87 393.01 
565046.65 6813599.93 393.17 
565046.99 6813599.98 393.26 
565022.71 6813596.41 383.96000000000004 
565023.08 6813596.47 384.0 
565023.43 6813596.51 384.03000000000003 
565023.79 6813596.5600000005 384.03000000000003 
565024.14 6813596.61 384.06 
565024.51 6813596.66 384.07 
565024.88 6813596.72 384.09000000000003 
565025.23 6813596.76 384.08 
565025.61 6813596.8100000005 384.08 
565025.96 6813596.86 384.11 
565026.3 6813596.91 384.13 
565026.66 6813596.96 384.14 
565027.05 6813597.0200000005 384.22 
565027.43 6813597.08 384.38 
565027.8 6813597.140000001 384.56 
565028.1900000001 6813597.2 384.69 
565028.56 6813597.2700000005 384.87 
565028.92 6813597.33 385.01 
565029.29 6813597.390000001 385.22 
565029.67 6813597.45 385.34000000000003 
565030.08 6813597.53 385.68 
565030.46 6813597.600000001 385.92 
565030.84 6813597.67 386.15000000000003 
565031.21 6813597.73 386.32 
565031.61 6813597.82 386.72 
565031.97 6813597.88 386.89 
565032.37 6813597.96 387.23 
565032.77 6813598.03 387.5 
565033.13 6813598.09 387.63 
565033.51 6813598.15 387.74 
565033.9500000001 6813598.28 388.69 
565033.86 6813598.2 387.79 
565034.3 6813598.33 388.74 
565036.1 6813598.57 388.67 
565036.4500000001 6813598.62 388.76 
565036.79 6813598.66 388.74 
565037.06 6813598.63 387.83 
565037.42 6813598.68 387.83 
565037.79 6813598.73 387.84000000000003 
565038.13 6813598.78 387.84000000000003 
565038.85 6813599.15 391.56 
565038.51 6813598.83 387.88 
565039.12 6813599.13 390.78000000000003 
565039.46 6813599.17 390.68 
565039.8 6813599.22 390.67 
565040.17 6813599.2700000005 390.68 
565040.54 6813599.3100000005 390.67 
565040.89 6813599.36 390.67 
565041.24 6813599.41 390.69 
565041.59 6813599.46 390.69 
565041.9400000001 6813599.51 390.69 
565042.28 6813599.55 390.69 
565042.64 6813599.600000001 390.71000000000004 
565043.02 6813599.65 390.73 
565043.37 6813599.71 390.90000000000003 
565043.73 6813599.75 390.77 
565044.0700000001 6813599.79 390.69 
565044.41 6813599.84 390.7 
565044.75 6813599.88 390.68 
565022.75 6813596.8100000005 384.0 
565023.1 6813596.850000001 384.03000000000003 
565023.4500000001 6813596.9 384.04 
565023.81 6813596.95 384.06 
565024.18 6813597.0 384.08 
565024.56 6813597.0600000005 384.1 
565024.91 6813597.100000001 384.1 
565025.27 6813597.15 384.09000000000003 
565025.63 6813597.2 384.06 
565025.99 6813597.25 384.12 
565026.33 6813597.3 384.18 
565026.71 6813597.350000001 384.19 
565027.1 6813597.41 384.28000000000003 
565027.4500000001 6813597.47 384.42 
565027.84 6813597.53 384.5 
565028.22 6813597.59 384.73 
565028.58 6813597.65 384.89 
565028.9500000001 6813597.71 384.99 
565029.33 6813597.7700000005 385.14 
565029.73 6813597.850000001 385.45 
565030.09 6813597.9 385.51 
565030.5 6813597.98 385.83 
565030.87 6813598.0600000005 386.15000000000003 
565031.27 6813598.140000001 386.57 
565031.64 6813598.21 386.79 
565032.04 6813598.28 387.1 
565032.43 6813598.350000001 387.25 
565032.8 6813598.41 387.51 
565033.1900000001 6813598.48 387.71000000000004 
565033.55 6813598.54 387.81 
565033.9 6813598.59 387.81 
565034.33 6813598.71 388.75 
565034.7000000001 6813598.76 388.75 
565035.0700000001 6813598.8100000005 388.73 
565035.43 6813598.86 388.75 
565035.78 6813598.91 388.74 
565036.13 6813598.96 388.77 
565036.4 6813598.93 387.88 
565036.74 6813598.97 387.87 
565037.1 6813599.0200000005 387.86 
565037.83 6813599.390000001 391.57 
565037.48 6813599.07 387.89 
565038.1 6813599.37 390.78000000000003 
565038.46 6813599.41 390.67 
565038.8 6813599.46 390.67 
565039.14 6813599.5 390.68 
565039.49 6813599.55 390.68 
565039.86 6813599.600000001 390.68 
565040.22 6813599.65 390.69 
565040.5700000001 6813599.7 390.7 
565040.9400000001 6813599.75 390.69 
565041.27 6813599.79 390.7 
565041.62 6813599.84 390.7 
565041.97 6813599.88 390.69 
565042.34 6813599.94 390.83 
565022.65 6813597.2 383.96000000000004 
565023.0 6813597.25 383.98 
565023.36 6813597.3 384.0 
565023.71 6813597.350000001 384.04 
565024.08 6813597.4 384.08 
565024.46 6813597.45 384.09000000000003 
565024.81 6813597.5 384.1 
565025.18 6813597.55 384.12 
565025.53 6813597.600000001 384.11 
565025.89 6813597.65 384.13 
565026.24 6813597.7 384.15000000000003 
565026.62 6813597.75 384.2 
565026.98 6813597.8 384.22 
565027.34 6813597.850000001 384.27 
565027.74 6813597.92 384.46000000000004 
565028.1 6813597.97 384.51 
565028.4500000001 6813598.03 384.69 
565028.83 6813598.100000001 384.87 
565029.23 6813598.17 385.14 
565029.61 6813598.22 385.19 
565029.97 6813598.29 385.37 
565030.37 6813598.36 385.58 
565030.75 6813598.43 385.93 
565031.13 6813598.51 386.26 
565031.51 6813598.58 386.58 
565031.91 6813598.65 386.79 
565032.3 6813598.73 387.07 
565032.67 6813598.78 387.21000000000004 
565033.06 6813598.86 387.53000000000003 
565033.4400000001 6813598.93 387.76 
565033.8 6813598.98 387.82 
565034.15 6813599.03 387.84000000000003 
565034.51 6813599.08 387.86 
565034.89 6813599.13 387.90000000000003 
565035.3200000001 6813599.25 388.69 
565035.24 6813599.18 387.89 
565035.6 6813599.23 387.87 
565035.9400000001 6813599.2700000005 387.89 
565036.3 6813599.32 387.87 
565036.64 6813599.36 387.86 
565037.01 6813599.41 387.87 
565037.7000000001 6813599.76 391.3 
565037.98 6813599.76 390.68 
565038.35 6813599.8 390.66 
565038.7000000001 6813599.850000001 390.66 
565039.03 6813599.890000001 390.67 
565039.39 6813599.94 390.67 
565039.76 6813599.99 390.67 
565022.66 6813597.72 383.98 
565023.0 6813597.7700000005 384.01 
565023.37 6813597.82 384.04 
565023.75 6813597.88 384.07 
565024.1 6813597.93 384.1 
565024.47 6813597.98 384.13 
565024.85 6813598.03 384.14 
565025.1900000001 6813598.08 384.17 
565025.54 6813598.12 384.18 
565025.91 6813598.17 384.2 
565026.27 6813598.22 384.22 
565026.66 6813598.28 384.26 
565027.0 6813598.33 384.28000000000003 
565027.37 6813598.38 384.32 
565027.74 6813598.43 384.41 
565028.1 6813598.49 384.55 
565028.46 6813598.55 384.7 
565028.87 6813598.63 384.97 
565029.24 6813598.68 385.0 
565029.61 6813598.74 385.19 
565030.01 6813598.8100000005 385.37 
565030.38 6813598.88 385.68 
565030.76 6813598.95 385.98 
565031.16 6813599.04 386.41 
565031.55 6813599.11 386.61 
565031.92 6813599.17 386.79 
565032.31 6813599.24 387.01 
565032.72 6813599.32 387.40000000000003 
565033.08 6813599.390000001 387.64 
565033.4500000001 6813599.45 387.82 
565033.8 6813599.5 387.82 
565034.18 6813599.55 387.87 
565034.55 6813599.600000001 387.90000000000003 
565034.89 6813599.65 387.89 
565035.26 6813599.7 387.91 
565035.61 6813599.74 387.88 
565035.96 6813599.79 387.90000000000003 
565036.3 6813599.84 387.88 
565036.67 6813599.890000001 387.91 
565037.04 6813599.94 387.92 
565022.36 6813598.0200000005 383.95 
565022.72 6813598.07 383.98 
565023.06 6813598.12 384.02 
565023.4400000001 6813598.17 384.04 
565023.83 6813598.23 384.08 
565024.17 6813598.28 384.11 
565024.55 6813598.33 384.15000000000003 
565024.91 6813598.38 384.15000000000003 
565025.25 6813598.42 384.18 
565025.61 6813598.47 384.21000000000004 
565025.98 6813598.53 384.24 
565026.35 6813598.58 384.27 
565026.71 6813598.63 384.28000000000003 
565027.09 6813598.68 384.3 
565027.43 6813598.73 384.34000000000003 
565027.8 6813598.78 384.44 
565028.16 6813598.84 384.54 
565028.55 6813598.9 384.71000000000004 
565028.9400000001 6813598.97 384.96000000000004 
565029.31 6813599.03 385.05 
565029.6900000001 6813599.09 385.24 
565030.0700000001 6813599.15 385.40000000000003 
565030.4500000001 6813599.23 385.75 
565030.8200000001 6813599.3 386.01 
565031.23 6813599.38 386.33 
565031.64 6813599.46 386.66 
565031.99 6813599.51 386.79 
565032.39 6813599.59 387.06 
565032.77 6813599.66 387.34000000000003 
565033.15 6813599.74 387.69 
565033.5 6813599.79 387.75 
565033.88 6813599.84 387.82 
565034.26 6813599.9 387.90000000000003 
565034.61 6813599.95 387.91 
565034.97 6813599.99 387.91 
565022.63 6813598.23 383.95 
565022.98 6813598.2700000005 383.99 
565023.35 6813598.33 384.01 
565023.74 6813598.38 384.05 
565024.08 6813598.43 384.1 
565024.47 6813598.48 384.12 
565024.8200000001 6813598.53 384.15000000000003 
565025.16 6813598.58 384.17 
565025.53 6813598.63 384.2 
565025.9 6813598.68 384.23 
565026.27 6813598.73 384.26 
565026.62 6813598.78 384.27 
565027.01 6813598.83 384.3 
565027.35 6813598.88 384.32 
565027.71 6813598.93 384.36 
565028.0700000001 6813598.99 384.49 
565028.4500000001 6813599.05 384.64 
565028.86 6813599.12 384.86 
565029.22 6813599.18 384.99 
565029.59 6813599.24 385.13 
565029.98 6813599.3100000005 385.41 
565030.35 6813599.37 385.57 
565030.72 6813599.44 385.88 
565031.12 6813599.5200000005 386.16 
565031.53 6813599.59 386.43 
565031.9 6813599.67 386.78000000000003 
565032.3 6813599.73 386.92 
565032.66 6813599.79 387.14 
565033.04 6813599.87 387.53000000000003 
565033.43 6813599.95 387.84000000000003 
565033.79 6813599.99 387.77 
565022.29 6813598.68 383.94 
565022.65 6813598.73 383.98 
565023.02 6813598.78 384.02 
565023.4 6813598.84 384.05 
565023.75 6813598.890000001 384.09000000000003 
565024.13 6813598.94 384.13 
565024.49 6813598.99 384.17 
565024.85 6813599.04 384.2 
565025.1900000001 6813599.09 384.24 
565025.5700000001 6813599.140000001 384.27 
565025.9500000001 6813599.19 384.3 
565026.3 6813599.24 384.32 
565026.67 6813599.29 384.36 
565027.03 6813599.34 384.38 
565027.37 6813599.390000001 384.39 
565027.73 6813599.44 384.42 
565028.11 6813599.5 384.56 
565028.49 6813599.5600000005 384.71000000000004 
565028.88 6813599.640000001 385.0 
565029.28 6813599.7 385.18 
565029.65 6813599.78 385.54 
565030.03 6813599.84 385.73 
565030.4 6813599.9 385.89 
565030.78 6813599.97 386.09000000000003 
565022.4400000001 6813599.21 383.90000000000003 
565022.8200000001 6813599.2700000005 383.96000000000004 
565023.2000000001 6813599.32 384.0 
565023.56 6813599.37 384.04 
565023.93 6813599.42 384.09000000000003 
565024.28 6813599.47 384.11 
565024.64 6813599.5200000005 384.17 
565025.0 6813599.58 384.22 
565025.38 6813599.63 384.25 
565025.75 6813599.68 384.28000000000003 
565026.11 6813599.73 384.31 
565026.48 6813599.78 384.34000000000003 
565026.83 6813599.83 384.38 
565027.18 6813599.88 384.40000000000003 
565027.54 6813599.92 384.42 
565027.91 6813599.98 384.44 
565022.21 6813599.41 383.90000000000003 
565022.59 6813599.47 383.92 
565022.9500000001 6813599.5200000005 383.97 
565023.31 6813599.57 383.99 
565023.6900000001 6813599.62 384.04 
565024.04 6813599.67 384.08 
565024.4 6813599.72 384.13 
565024.76 6813599.7700000005 384.18 
565025.13 6813599.83 384.23 
565025.51 6813599.88 384.26 
565025.86 6813599.93 384.31 
565026.23 6813599.98 384.33 
565022.31 6813599.79 383.89 
565022.6900000001 6813599.850000001 383.94 
565023.04 6813599.9 383.98 
565023.41 6813599.95 384.02 
